# protodune muoncounters active volume only
#z = -202
0 1 -404.0 -19.0 -202 -404.0 303.5 -202 -241.5 303.5 -202 -241.5 -19.0 -202
1 1 -404.0 303.5 -202 -404.0 626.0 -202 -241.5 626.0 -202 -241.5 303.5 -202
2 1 -241.5 -19.0 -202 -241.5 303.5 -202 -79.0 303.5 -202 -79.0 -19.0 -202
3 1 -241.5 303.5 -202 -241.5 626.0 -202 -79.0 626.0 -202 -79.0 303.5 -202
4 1 -79.0 -19.0 -202 -79.0 303.5 -202 83.5 303.5 -202 83.5 -19.0 -202
5 1 -79.0 303.5 -202 -79.0 626.0 -202 83.5 626.0 -202 83.5 303.5 -202
6 1 83.5 -19.0 -202 83.5 303.5 -202 246.0 303.5 -202 246.0 -19.0 -202
7 1 83.5 303.5 -202 83.5 626.0 -202 246.0 626.0 -202 246.0 303.5 -202
8 1 246.0 -19.0 -202 246.0 303.5 -202 408.5 303.5 -202 408.5 -19.0 -202
9 1 246.0 303.5 -202 246.0 626.0 -202 408.5 626.0 -202 408.5 303.5 -202
#z = 944
10 1 -404.0 -19.0 944 -404.0 303.5 944 -241.5 303.5 944 -241.5 -19.0 944
11 1 -404.0 303.5 944 -404.0 626.0 944 -241.5 626.0 944 -241.5 303.5 944
12 1 -241.5 -19.0 944 -241.5 303.5 944 -79.0 303.5 944 -79.0 -19.0 944
13 1 -241.5 303.5 944 -241.5 626.0 944 -79.0 626.0 944 -79.0 303.5 944
14 1 -79.0 -19.0 944 -79.0 303.5 944 83.5 303.5 944 83.5 -19.0 944
15 1 -79.0 303.5 944 -79.0 626.0 944 83.5 626.0 944 83.5 303.5 944
16 1 83.5 -19.0 944 83.5 303.5 944 246.0 303.5 944 246.0 -19.0 944
17 1 83.5 303.5 944 83.5 626.0 944 246.0 626.0 944 246.0 303.5 944
18 1 246.0 -19.0 944 246.0 303.5 944 408.5 303.5 944 408.5 -19.0 944
19 1 246.0 303.5 944 246.0 626.0 944 408.5 626.0 944 408.5 303.5 944
#top
20 1 -404.0 861 24.5 -404.0 861 347.0 -241.5 861 347.0 -241.5 861 24.5
21 1 -241.5 861 24.5 -241.5 861 347.0 -79.0 861 347.0 -79.0 861 24.5
22 1 -79.0 861 24.5 -79.0 861 347.0 83.5 861 347.0 83.5 861 24.5
23 1 83.5 861 24.5 83.5 861 347.0 246.0 861 347.0 246.0 861 24.5
24 1 246.0 861 24.5 246.0 861 347.0 408.5 861 347.0 408.5 861 24.5
25 1 -404.0 861 347.0 -404.0 861 669.5 -241.5 861 669.5 -241.5 861 347.0
26 1 -241.5 861 347.0 -241.5 861 669.5 -79.0 861 669.5 -79.0 861 347.0
27 1 -79.0 861 347.0 -79.0 861 669.5 83.5 861 669.5 83.5 861 347.0
28 1 83.5 861 347.0 83.5 861 669.5 246.0 861 669.5 246.0 861 347.0
29 1 246.0 861 347.0 246.0 861 669.5 408.5 861 669.5 408.5 861 347.0
